
+++++++++++++++++++++++++++++++++++++++++++++++++++++++++++++++++++

1. NOMINAL CORRELATIONS

------------------------ | CVW as | FIW as | MIW as | RIW as | stat scal syst mtop lumi  pdf Ebea

 CMS8000 117.46 +-  3.23 |   8.40 |  64.69 |   0.25 |   8.40 | 0.25 1.44 1.16 1.79 1.24 1.27 0.78
ATLAS700 120.52 +-  3.09 |  30.20 |  70.89 |   3.30 |  30.20 | 0.78 1.32 1.05 1.69 0.90 1.31 0.83
 TEV1960 120.25 +-  3.71 |  33.22 |  49.08 |  20.39 |  33.22 | 1.52 1.21 2.20 1.30 1.60 0.94 0.00
ATLAS800 116.83 +-  3.32 |   3.49 |  61.35 |   0.05 |   3.49 | 0.33 1.45 1.06 1.81 1.44 1.28 0.81
 CMS7000 118.37 +-  3.10 |  24.70 |  70.01 |   1.87 |  24.70 | 0.54 1.36 1.10 1.72 0.98 1.35 0.75
------------------------ | ------ | ------ | ------ | ------ | ---- ---- ---- ---- ---- ---- ----
BLUE  as 119.52 +-  2.60 | 100.00 | 316.01 |  25.87 | 100.00 | 0.57 1.16 0.89 1.58 0.73 0.98 0.53
BLUE  as (full precision): 119.51731 +- 2.59741
Chi2 / d.o.f = 4.62209 / 4

   CovM   CMS8000   ATLAS70   TEV1960   ATLAS80   CMS7000
CMS8000   10.4296    7.7809    3.3587    8.1488    8.5873
ATLAS70    7.7809    9.5174    3.2121    8.4277    7.5230
TEV1960    3.3587    3.2121   13.7451    3.3974    3.2814
ATLAS80    8.1488    8.4277    3.3974   10.9968    8.1182
CMS7000    8.5873    7.5230    3.2814    8.1182    9.6370

2. MINIMIZE WRT GLOBAL FACTOR

DERIVATIVE ANALYSIS
Vary parameters unless dI/dX@0 == dI/dX@1 == 0
----------------- | ----- | ------------------ |-------------------------------|
  Parameter name  | ParID |   Parameter value  |           1/I*dI/dX           |
                  |       | ScaleFactor X @MIN |   @0    ->    @MIN ->      @1 |
----------------- | ----- | ------------------ |-------------------------------|
 GlobalScaleFact  |    #0 |     ??? +-     ??? | -7.6810 ->     ??? -> -0.5465 | ==> Vary in minimization #0

MINIMIZE USING ROOT Minuit2
WARNING! UpperBound=1 == StartValue=1 : redefine StartValue=0.99
Parameters    (%=FIXED)    #0
START: f= 1.00553925 at 0.990
END:   f= 1.00000000 at 1.000
Minimization completed: minValue=1.0000000, edm=0.0000000, #calls=19       
ROOT minimizer Minuit2 (Migrad) found a minimum

DERIVATIVE ANALYSIS
----------------- | ----- | ------------------ |-------------------------------|
  Parameter name  | ParID |   Parameter value  |           1/I*dI/dX           |
                  |       | ScaleFactor X @MIN |   @0    ->    @MIN ->      @1 |
----------------- | ----- | ------------------ |-------------------------------|
 GlobalScaleFact  |    #0 |  1.0000 +-  0.9766 | -7.6810 -> -0.5465 -> -0.5465 | 

------------------------ | CVW as | FIW as | MIW as | RIW as | stat scal syst mtop lumi  pdf Ebea

 CMS8000 117.46 +-  3.23 |   8.40 |  64.69 |   0.25 |   8.40 | 0.25 1.44 1.16 1.79 1.24 1.27 0.78
ATLAS700 120.52 +-  3.09 |  30.20 |  70.89 |   3.30 |  30.20 | 0.78 1.32 1.05 1.69 0.90 1.31 0.83
 TEV1960 120.25 +-  3.71 |  33.22 |  49.08 |  20.39 |  33.22 | 1.52 1.21 2.20 1.30 1.60 0.94 0.00
ATLAS800 116.83 +-  3.32 |   3.49 |  61.35 |   0.05 |   3.49 | 0.33 1.45 1.06 1.81 1.44 1.28 0.81
 CMS7000 118.37 +-  3.10 |  24.70 |  70.01 |   1.87 |  24.70 | 0.54 1.36 1.10 1.72 0.98 1.35 0.75
------------------------ | ------ | ------ | ------ | ------ | ---- ---- ---- ---- ---- ---- ----
BLUE  as 119.52 +-  2.60 | 100.00 | 316.01 |  25.87 | 100.00 | 0.57 1.16 0.89 1.58 0.73 0.98 0.53
BLUE  as (full precision): 119.51731 +- 2.59741
Chi2 / d.o.f = 4.62209 / 4

   CovM   CMS8000   ATLAS70   TEV1960   ATLAS80   CMS7000
CMS8000   10.4296    7.7809    3.3587    8.1488    8.5873
ATLAS70    7.7809    9.5174    3.2121    8.4277    7.5230
TEV1960    3.3587    3.2121   13.7451    3.3974    3.2814
ATLAS80    8.1488    8.4277    3.3974   10.9968    8.1182
CMS7000    8.5873    7.5230    3.2814    8.1182    9.6370

3. MINIMIZE WRT ERROR SOURCES

DERIVATIVE ANALYSIS
Vary parameters unless dI/dX@0 == dI/dX@1 == 0
----------------- | ----- | ------------------ |-------------------------------|
  Parameter name  | ParID |   Parameter value  |           1/I*dI/dX           |
                  |       | ScaleFactor X @MIN |   @0    ->    @MIN ->      @1 |
----------------- | ----- | ------------------ |-------------------------------|
 stat             |    #0 |     ??? +-     ??? |      ~0 ->     ??? ->      ~0 | %FIXED%
 scale            |    #1 |     ??? +-     ??? | -1.8573 ->     ??? -> -0.1329 | ==> Vary in minimization #0
 syst             |    #2 |     ??? +-     ??? | -0.3144 ->     ??? -> -0.0113 | ==> Vary in minimization #1
 mtop             |    #3 |     ??? +-     ??? | -3.2965 ->     ??? -> -0.2724 | ==> Vary in minimization #2
 lumi             |    #4 |     ??? +-     ??? | -0.2993 ->     ??? -> -0.0165 | ==> Vary in minimization #3
 pdf              |    #5 |     ??? +-     ??? | -1.4170 ->     ??? -> -0.0870 | ==> Vary in minimization #4
 Ebeam            |    #6 |     ??? +-     ??? | -0.4966 ->     ??? -> -0.0264 | ==> Vary in minimization #5

MINIMIZE USING ROOT Minuit2
WARNING! UpperBound=1 == StartValue=1 : redefine StartValue=0.99
WARNING! UpperBound=1 == StartValue=1 : redefine StartValue=0.99
WARNING! UpperBound=1 == StartValue=1 : redefine StartValue=0.99
WARNING! UpperBound=1 == StartValue=1 : redefine StartValue=0.99
WARNING! UpperBound=1 == StartValue=1 : redefine StartValue=0.99
WARNING! UpperBound=1 == StartValue=1 : redefine StartValue=0.99
Error sources (%=FIXED)   %#0,    #1,    #2,    #3,    #4,    #5,    #6
START: f= 1.00553925 at 1.000, 0.990, 0.990, 0.990, 0.990, 0.990, 0.990
END:   f= 1.00000000 at 1.000, 1.000, 1.000, 1.000, 1.000, 1.000, 1.000
Minimization completed: minValue=1.0000000, edm=0.0000000, #calls=91       
ROOT minimizer Minuit2 (Migrad) found a minimum

DERIVATIVE ANALYSIS
----------------- | ----- | ------------------ |-------------------------------|
  Parameter name  | ParID |   Parameter value  |           1/I*dI/dX           |
                  |       | ScaleFactor X @MIN |   @0    ->    @MIN ->      @1 |
----------------- | ----- | ------------------ |-------------------------------|
 stat             |    #0 |  1.0000 +-     N/A |      ~0 ->      ~0 ->      ~0 | %FIXED%
 scale            |    #1 |  1.0000 +-  0.5754 | -1.8573 -> -0.1329 -> -0.1329 | 
 syst             |    #2 |  1.0000 +-  0.5001 | -0.3144 -> -0.0113 -> -0.0113 | 
 mtop             |    #3 |  1.0000 +-  0.9427 | -3.2965 -> -0.2724 -> -0.2724 | 
 lumi             |    #4 |  1.0000 +-  0.9978 | -0.2993 -> -0.0165 -> -0.0165 | 
 pdf              |    #5 |  1.0000 +-  0.5301 | -1.4170 -> -0.0870 -> -0.0870 | 
 Ebeam            |    #6 |  1.0000 +-  0.5084 | -0.4966 -> -0.0264 -> -0.0264 | 

------------------------ | CVW as | FIW as | MIW as | RIW as | stat scal syst mtop lumi  pdf Ebea

 CMS8000 117.46 +-  3.23 |   8.40 |  64.69 |   0.25 |   8.40 | 0.25 1.44 1.16 1.79 1.24 1.27 0.78
ATLAS700 120.52 +-  3.09 |  30.20 |  70.89 |   3.30 |  30.20 | 0.78 1.32 1.05 1.69 0.90 1.31 0.83
 TEV1960 120.25 +-  3.71 |  33.22 |  49.08 |  20.39 |  33.22 | 1.52 1.21 2.20 1.30 1.60 0.94 0.00
ATLAS800 116.83 +-  3.32 |   3.49 |  61.35 |   0.05 |   3.49 | 0.33 1.45 1.06 1.81 1.44 1.28 0.81
 CMS7000 118.37 +-  3.10 |  24.70 |  70.01 |   1.87 |  24.70 | 0.54 1.36 1.10 1.72 0.98 1.35 0.75
------------------------ | ------ | ------ | ------ | ------ | ---- ---- ---- ---- ---- ---- ----
BLUE  as 119.52 +-  2.60 | 100.00 | 316.01 |  25.87 | 100.00 | 0.57 1.16 0.89 1.58 0.73 0.98 0.53
BLUE  as (full precision): 119.51731 +- 2.59741
Chi2 / d.o.f = 4.62209 / 4

   CovM   CMS8000   ATLAS70   TEV1960   ATLAS80   CMS7000
CMS8000   10.4296    7.7809    3.3587    8.1488    8.5873
ATLAS70    7.7809    9.5174    3.2121    8.4277    7.5230
TEV1960    3.3587    3.2121   13.7451    3.3974    3.2814
ATLAS80    8.1488    8.4277    3.3974   10.9968    8.1182
CMS7000    8.5873    7.5230    3.2814    8.1182    9.6370

4. MINIMIZE WRT OFF DIAGONAL ELEMENTS

DERIVATIVE ANALYSIS
Vary parameters unless dI/dX@0 == dI/dX@1 == 0
----------------- | ----- | ------------------ |-------------------------------|
  Parameter name  | ParID |   Parameter value  |           1/I*dI/dX           |
                  |       | ScaleFactor X @MIN |   @0    ->    @MIN ->      @1 |
----------------- | ----- | ------------------ |-------------------------------|
 ATLAS7000/CMS80  |    #0 |     ??? +-     ??? | -1.0577 ->     ??? -> -0.0585 | ==> Vary in minimization #0
 TEV1960/CMS8000  |    #1 |     ??? +-     ??? | -0.3161 ->     ??? -> -0.0278 | ==> Vary in minimization #1
 TEV1960/ATLAS70  |    #2 |     ??? +-     ??? | -0.3313 ->     ??? -> -0.0955 | ==> Vary in minimization #2
 ATLAS8000/CMS80  |    #3 |     ??? +-     ??? | -0.9587 ->     ??? -> -0.0071 | ==> Vary in minimization #3
 ATLAS8000/ATLAS  |    #4 |     ??? +-     ??? | -1.0865 ->     ??? -> -0.0263 | ==> Vary in minimization #4
 ATLAS8000/TEV19  |    #5 |     ??? +-     ??? | -0.3033 ->     ??? -> -0.0117 | ==> Vary in minimization #5
 CMS7000/CMS8000  |    #6 |     ??? +-     ??? | -1.1528 ->     ??? -> -0.0528 | ==> Vary in minimization #6
 CMS7000/ATLAS70  |    #7 |     ??? +-     ??? | -1.1067 ->     ??? -> -0.1664 | ==> Vary in minimization #7
 CMS7000/TEV1960  |    #8 |     ??? +-     ??? | -0.3343 ->     ??? -> -0.0798 | ==> Vary in minimization #8
 CMS7000/ATLAS80  |    #9 |     ??? +-     ??? | -1.0336 ->     ??? -> -0.0207 | ==> Vary in minimization #9

MINIMIZE USING ROOT Minuit2
Off-Diag Elem (%=FIXED)    #0,    #1,    #2,    #3,    #4,    #5,    #6,    #7,    #8,    #9
START: f= 1.05272039 at 0.948, 0.811, 0.843, 0.988, 0.949, 0.805, 0.953, 0.971, 0.834, 0.950
END:   f= 1.00000000 at 1.000, 1.000, 1.000, 1.000, 1.000, 1.000, 1.000, 1.000, 1.000, 1.000
Minimization completed: minValue=1.0000000, edm=0.0000000, #calls=299      
ROOT minimizer Minuit2 (Migrad) found a minimum

DERIVATIVE ANALYSIS
----------------- | ----- | ------------------ |-------------------------------|
  Parameter name  | ParID |   Parameter value  |           1/I*dI/dX           |
                  |       | ScaleFactor X @MIN |   @0    ->    @MIN ->      @1 |
----------------- | ----- | ------------------ |-------------------------------|
 ATLAS7000/CMS80  |    #0 |  1.0000 +-  0.8509 | -1.0577 -> -0.0585 -> -0.0585 | 
 TEV1960/CMS8000  |    #1 |  1.0000 +-  0.5390 | -0.3161 -> -0.0278 -> -0.0278 | 
 TEV1960/ATLAS70  |    #2 |  1.0000 +-  0.5044 | -0.3313 -> -0.0955 -> -0.0955 | 
 ATLAS8000/CMS80  |    #3 |  1.0000 +-  0.6957 | -0.9587 -> -0.0071 -> -0.0071 | 
 ATLAS8000/ATLAS  |    #4 |  1.0000 +-  0.5069 | -1.0865 -> -0.0263 -> -0.0263 | 
 ATLAS8000/TEV19  |    #5 |  1.0000 +-  0.5135 | -0.3033 -> -0.0117 -> -0.0117 | 
 CMS7000/CMS8000  |    #6 |  1.0000 +-  0.9376 | -1.1528 -> -0.0528 -> -0.0528 | 
 CMS7000/ATLAS70  |    #7 |  1.0000 +-  0.7026 | -1.1067 -> -0.1664 -> -0.1664 | 
 CMS7000/TEV1960  |    #8 |  1.0000 +-  0.5751 | -0.3343 -> -0.0798 -> -0.0798 | 
 CMS7000/ATLAS80  |    #9 |  1.0000 +-  0.6891 | -1.0336 -> -0.0207 -> -0.0207 | 

------------------------ | CVW as | FIW as | MIW as | RIW as | stat scal syst mtop lumi  pdf Ebea

 CMS8000 117.46 +-  3.23 |   8.40 |  64.69 |   0.25 |   8.40 | 0.25 1.44 1.16 1.79 1.24 1.27 0.78
ATLAS700 120.52 +-  3.09 |  30.20 |  70.89 |   3.30 |  30.20 | 0.78 1.32 1.05 1.69 0.90 1.31 0.83
 TEV1960 120.25 +-  3.71 |  33.22 |  49.08 |  20.39 |  33.22 | 1.52 1.21 2.20 1.30 1.60 0.94 0.00
ATLAS800 116.83 +-  3.32 |   3.49 |  61.35 |   0.05 |   3.49 | 0.33 1.45 1.06 1.81 1.44 1.28 0.81
 CMS7000 118.37 +-  3.10 |  24.70 |  70.01 |   1.87 |  24.70 | 0.54 1.36 1.10 1.72 0.98 1.35 0.75
------------------------ | ------ | ------ | ------ | ------ | ---- ---- ---- ---- ---- ---- ----
BLUE  as 119.52 +-  2.60 | 100.00 | 316.01 |  25.87 | 100.00 | 0.57 1.16 0.89 1.58 0.73 0.98 0.53
BLUE  as (full precision): 119.51731 +- 2.59741
Chi2 / d.o.f = 4.62209 / 4

   CovM   CMS8000   ATLAS70   TEV1960   ATLAS80   CMS7000
CMS8000   10.4296    7.7809    3.3587    8.1488    8.5873
ATLAS70    7.7809    9.5174    3.2121    8.4277    7.5230
TEV1960    3.3587    3.2121   13.7451    3.3974    3.2814
ATLAS80    8.1488    8.4277    3.3974   10.9968    8.1182
CMS7000    8.5873    7.5230    3.2814    8.1182    9.6370

5. REMOVE MEASUREMENTS WITH NEGATIVE CVW'S

------------------------ | CVW as | FIW as | MIW as | RIW as | stat scal syst mtop lumi  pdf Ebea

 CMS8000 117.46 +-  3.23 |   8.40 |  64.69 |   0.25 |   8.40 | 0.25 1.44 1.16 1.79 1.24 1.27 0.78
ATLAS700 120.52 +-  3.09 |  30.20 |  70.89 |   3.30 |  30.20 | 0.78 1.32 1.05 1.69 0.90 1.31 0.83
 TEV1960 120.25 +-  3.71 |  33.22 |  49.08 |  20.39 |  33.22 | 1.52 1.21 2.20 1.30 1.60 0.94 0.00
ATLAS800 116.83 +-  3.32 |   3.49 |  61.35 |   0.05 |   3.49 | 0.33 1.45 1.06 1.81 1.44 1.28 0.81
 CMS7000 118.37 +-  3.10 |  24.70 |  70.01 |   1.87 |  24.70 | 0.54 1.36 1.10 1.72 0.98 1.35 0.75
------------------------ | ------ | ------ | ------ | ------ | ---- ---- ---- ---- ---- ---- ----
BLUE  as 119.52 +-  2.60 | 100.00 | 316.01 |  25.87 | 100.00 | 0.57 1.16 0.89 1.58 0.73 0.98 0.53
BLUE  as (full precision): 119.51731 +- 2.59741
Chi2 / d.o.f = 4.62209 / 4

   CovM   CMS8000   ATLAS70   TEV1960   ATLAS80   CMS7000
CMS8000   10.4296    7.7809    3.3587    8.1488    8.5873
ATLAS70    7.7809    9.5174    3.2121    8.4277    7.5230
TEV1960    3.3587    3.2121   13.7451    3.3974    3.2814
ATLAS80    8.1488    8.4277    3.3974   10.9968    8.1182
CMS7000    8.5873    7.5230    3.2814    8.1182    9.6370

7. ONIONIZE

Onionize source #0 (stat)
 CovOld   CMS8000   ATLAS70   TEV1960   ATLAS80   CMS7000
CMS8000    0.0617    0.0000    0.0000    0.0000    0.0000
ATLAS70    0.0000    0.6057    0.0000    0.0000    0.0000
TEV1960    0.0000    0.0000    2.3110    0.0000    0.0000
ATLAS80    0.0000    0.0000    0.0000    0.1074    0.0000
CMS7000    0.0000    0.0000    0.0000    0.0000    0.2945
 CovNew   CMS8000   ATLAS70   TEV1960   ATLAS80   CMS7000
CMS8000    0.0617    0.0000    0.0000    0.0000    0.0000
ATLAS70    0.0000    0.6057    0.0000    0.0000    0.0000
TEV1960    0.0000    0.0000    2.3110    0.0000    0.0000
ATLAS80    0.0000    0.0000    0.0000    0.1074    0.0000
CMS7000    0.0000    0.0000    0.0000    0.0000    0.2945

Onionize source #1 (scale)
 CovOld   CMS8000   ATLAS70   TEV1960   ATLAS80   CMS7000
CMS8000    2.0720    1.9027    0.8691    2.0891    1.9599
ATLAS70    1.9027    1.7472    0.7981    1.9184    1.7998
TEV1960    0.8691    0.7981    1.4581    0.8763    0.8221
ATLAS80    2.0891    1.9184    0.8763    2.1063    1.9761
CMS7000    1.9599    1.7998    0.8221    1.9761    1.8539
 CovNew   CMS8000   ATLAS70   TEV1960   ATLAS80   CMS7000
CMS8000    2.0720    1.7472    0.8691    2.0720    1.8539
ATLAS70    1.7472    1.7472    0.7981    1.7472    1.7472
TEV1960    0.8691    0.7981    1.4581    0.8763    0.8221
ATLAS80    2.0720    1.7472    0.8763    2.1063    1.8539
CMS7000    1.8539    1.7472    0.8221    1.8539    1.8539

Onionize source #2 (syst)
 CovOld   CMS8000   ATLAS70   TEV1960   ATLAS80   CMS7000
CMS8000    1.3351    0.0000    0.0000    0.0000    1.2693
ATLAS70    0.0000    1.1111    0.0000    1.1168    0.0000
TEV1960    0.0000    0.0000    4.8570    0.0000    0.0000
ATLAS80    0.0000    1.1168    0.0000    1.1226    0.0000
CMS7000    1.2693    0.0000    0.0000    0.0000    1.2068
 CovNew   CMS8000   ATLAS70   TEV1960   ATLAS80   CMS7000
CMS8000    1.3351    0.0000    0.0000    0.0000    1.2068
ATLAS70    0.0000    1.1111    0.0000    1.1111    0.0000
TEV1960    0.0000    0.0000    4.8570    0.0000    0.0000
ATLAS80    0.0000    1.1111    0.0000    1.1226    0.0000
CMS7000    1.2068    0.0000    0.0000    0.0000    1.2068

Onionize source #3 (mtop)
 CovOld   CMS8000   ATLAS70   TEV1960   ATLAS80   CMS7000
CMS8000    3.1893    3.0116    2.3203    3.2305    3.0648
ATLAS70    3.0116    2.8439    2.1910    3.0506    2.8941
TEV1960    2.3203    2.1910    1.6881    2.3503    2.2297
ATLAS80    3.2305    3.0506    2.3503    3.2723    3.1044
CMS7000    3.0648    2.8941    2.2297    3.1044    2.9452
 CovNew   CMS8000   ATLAS70   TEV1960   ATLAS80   CMS7000
CMS8000    3.1893    2.8439    1.6881    3.1893    2.9452
ATLAS70    2.8439    2.8439    1.6881    2.8439    2.8439
TEV1960    1.6881    1.6881    1.6881    1.6881    1.6881
ATLAS80    3.1893    2.8439    1.6881    3.2723    2.9452
CMS7000    2.9452    2.8439    1.6881    2.9452    2.9452

Onionize source #4 (lumi)
 CovOld   CMS8000   ATLAS70   TEV1960   ATLAS80   CMS7000
CMS8000    1.5412    0.5610    0.0000    0.5640    0.0000
ATLAS70    0.5610    0.8168    0.0000    0.0000    0.4509
TEV1960    0.0000    0.0000    2.5482    0.0000    0.0000
ATLAS80    0.5640    0.0000    0.0000    2.0873    0.7097
CMS7000    0.0000    0.4509    0.0000    0.7097    0.9651
 CovNew   CMS8000   ATLAS70   TEV1960   ATLAS80   CMS7000
CMS8000    1.5412    0.5610    0.0000    0.5640    0.0000
ATLAS70    0.5610    0.8168    0.0000    0.0000    0.4509
TEV1960    0.0000    0.0000    2.5482    0.0000    0.0000
ATLAS80    0.5640    0.0000    0.0000    2.0873    0.7097
CMS7000    0.0000    0.4509    0.0000    0.7097    0.9651

Onionize source #5 (pdf)
 CovOld   CMS8000   ATLAS70   TEV1960   ATLAS80   CMS7000
CMS8000    1.6171    1.6569    0.1694    1.6314    1.7062
ATLAS70    1.6569    1.7065    0.2229    1.6716    1.7573
TEV1960    0.1694    0.2229    0.8827    0.1708    0.2296
ATLAS80    1.6314    1.6716    0.1708    1.6459    1.7213
CMS7000    1.7062    1.7573    0.2296    1.7213    1.8096
 CovNew   CMS8000   ATLAS70   TEV1960   ATLAS80   CMS7000
CMS8000    1.6171    1.6171    0.1694    1.6171    1.6171
ATLAS70    1.6171    1.7065    0.2229    1.6459    1.7065
TEV1960    0.1694    0.2229    0.8827    0.1708    0.2296
ATLAS80    1.6171    1.6459    0.1708    1.6459    1.6459
CMS7000    1.6171    1.7065    0.2296    1.6459    1.8096

Onionize source #6 (Ebeam)
 CovOld   CMS8000   ATLAS70   TEV1960   ATLAS80   CMS7000
CMS8000    0.6132    0.6487    0.0000    0.6338    0.5870
ATLAS70    0.6487    0.6862    0.0000    0.6705    0.6210
TEV1960    0.0000    0.0000    0.0000    0.0000    0.0000
ATLAS80    0.6338    0.6705    0.0000    0.6550    0.6067
CMS7000    0.5870    0.6210    0.0000    0.6067    0.5619
 CovNew   CMS8000   ATLAS70   TEV1960   ATLAS80   CMS7000
CMS8000    0.6132    0.6132    0.0000    0.6132    0.5619
ATLAS70    0.6132    0.6862    0.0000    0.6550    0.5619
TEV1960    0.0000    0.0000    0.0000    0.0000    0.0000
ATLAS80    0.6132    0.6550    0.0000    0.6550    0.5619
CMS7000    0.5619    0.5619    0.0000    0.5619    0.5619

------------------------ | CVW as | FIW as | MIW as | RIW as | stat scal syst mtop lumi  pdf Ebea

 CMS8000 117.46 +-  3.23 |  11.92 |  61.45 |   0.65 |  11.92 | 0.25 1.44 1.16 1.79 1.24 1.27 0.78
ATLAS700 120.52 +-  3.09 |  26.13 |  67.34 |   3.11 |  26.13 | 0.78 1.32 1.05 1.69 0.90 1.31 0.83
 TEV1960 120.25 +-  3.71 |  33.43 |  46.63 |  22.40 |  33.43 | 1.52 1.21 2.20 1.30 1.60 0.94 0.00
ATLAS800 116.83 +-  3.32 |   7.38 |  58.28 |   0.29 |   7.38 | 0.33 1.45 1.06 1.81 1.44 1.28 0.81
 CMS7000 118.37 +-  3.10 |  21.14 |  66.50 |   1.80 |  21.14 | 0.54 1.36 1.10 1.72 0.98 1.35 0.75
------------------------ | ------ | ------ | ------ | ------ | ---- ---- ---- ---- ---- ---- ----
BLUE  as 119.34 +-  2.53 | 100.00 | 300.19 |  28.24 | 100.00 | 0.56 1.15 0.90 1.49 0.73 0.97 0.52
BLUE  as (full precision): 119.34154 +- 2.53154
Chi2 / d.o.f = 3.54012 / 4

   CovM   CMS8000   ATLAS70   TEV1960   ATLAS80   CMS7000
CMS8000   10.4296    7.3824    2.7265    8.0556    8.1850
ATLAS70    7.3824    9.5174    2.7091    8.0030    7.3105
TEV1960    2.7265    2.7091   13.7451    2.7352    2.7397
ATLAS80    8.0556    8.0030    2.7352   10.9968    7.7165
CMS7000    8.1850    7.3105    2.7397    7.7165    9.6370

8. NO CORRELATIONS

------------------------ | CVW as | FIW as | MIW as | RIW as | stat scal syst mtop lumi  pdf Ebea

 CMS8000 117.46 +-  3.23 |  20.47 |  20.47 |  20.47 |  20.47 | 0.25 1.44 1.16 1.79 1.24 1.27 0.78
ATLAS700 120.52 +-  3.09 |  22.43 |  22.43 |  22.43 |  22.43 | 0.78 1.32 1.05 1.69 0.90 1.31 0.83
 TEV1960 120.25 +-  3.71 |  15.53 |  15.53 |  15.53 |  15.53 | 1.52 1.21 2.20 1.30 1.60 0.94 0.00
ATLAS800 116.83 +-  3.32 |  19.41 |  19.41 |  19.41 |  19.41 | 0.33 1.45 1.06 1.81 1.44 1.28 0.81
 CMS7000 118.37 +-  3.10 |  22.15 |  22.15 |  22.15 |  22.15 | 0.54 1.36 1.10 1.72 0.98 1.35 0.75
------------------------ | ------ | ------ | ------ | ------ | ---- ---- ---- ---- ---- ---- ----
BLUE  as 118.66 +-  1.46 | 100.00 | 100.00 | 100.00 | 100.00 | 0.33 0.62 0.57 0.77 0.54 0.57 0.34
BLUE  as (full precision): 118.66142 +- 1.46113
Chi2 / d.o.f = 1.00125 / 4

   CovM   CMS8000   ATLAS70   TEV1960   ATLAS80   CMS7000
CMS8000   10.4296    0.0000    0.0000    0.0000    0.0000
ATLAS70    0.0000    9.5174    0.0000    0.0000    0.0000
TEV1960    0.0000    0.0000   13.7451    0.0000    0.0000
ATLAS80    0.0000    0.0000    0.0000   10.9968    0.0000
CMS7000    0.0000    0.0000    0.0000    0.0000    9.6370

--------------------------------------------------------------------

Create latex report: /afs/cern.ch/user/t/tklijnsm/Work/bluefin/BLUEFIN_01_00_04/extr_0201_131558/extr-NNLO-NNLL-NNPDF23-nnlo-FFN-NF5_body.tex
